|  NAME |          T_O2 |          T_S2 |          T_N2 |          T_O3 |
|  w_01 | 12764.1060987 | 21532.6165167 |           nan | 11702.4469788 |
|  w_02 | 12351.5561726 | 13621.7032781 | 12165.4636263 | 11927.3154001 |
|  w_04 | 12102.2250896 | 12897.1413656 |           nan | 11398.8673552 |
|  w_03 |  11817.692877 | 12805.5879828 |           nan | 10859.3298754 |
|  c_15 | 10173.3123919 | 12128.9051525 |           nan | 9185.05406875 |
|  w_12 | 9822.21876452 | 16219.3274823 |           nan | 9106.73472828 |
|  w_11 | 13939.4409517 | 21463.9609334 |           nan | 11492.2292445 |
|  w_13 | 9548.11098605 | 10245.3624702 | 9998.48954123 | 9434.39095208 |
|  w_15 | 10653.9929026 |  11243.681228 |           nan | 8587.27609943 |
| c2_13 | 8578.52466014 | 12669.4750527 | 9198.25838426 | 8626.27952762 |
|  c_13 | 12088.5218839 | 12692.8391502 |           nan | 9519.84133404 |
|  c_10 | 8395.83949071 | 8669.21688061 | 7668.98980886 |           nan |
|  c_07 | 8641.93045694 | 11030.2893194 | 10327.4219768 |           nan |
|  c_12 | 10891.9814356 | 8980.27251117 |  8556.3481974 |  8792.0378398 |
|  c_08 | 10199.2781786 | 9686.10667286 | 8606.81153485 |           nan |
| c2_08 | 9623.94541277 | 14276.0715869 | 9486.00153113 |           nan |
| c2_06 | 8433.97341337 | 9869.85646454 | 9388.02227283 | 8143.44734503 |
|  w_14 |  11552.931473 | 8392.61161552 | 8292.82790415 |           nan |
|  c_03 | 8481.88447745 | 13671.9898539 | 8915.36910158 | 8532.83405336 |
|  c_04 | 9695.07814846 | 10840.9025205 | 9122.63847045 | 8177.11193172 |
| c2_04 | 9945.39138393 | 11778.0244272 | 8224.65163587 |           nan |
|  c_02 | 9339.30343783 |  9881.9869051 | 7916.24370625 |           nan |
|  e_02 | 10403.5096938 | 11238.1584088 | 8678.02561024 | 8014.30098704 |
|  e_01 | 10641.9295129 | 8233.32967086 | 9039.78164066 | 8379.68483021 |
|  e_06 | 11306.9044081 | 9804.60893031 | 9673.72713774 |           nan |
|  e_07 | 11281.3135572 | 15033.7188247 | 9585.86501699 | 9040.51905417 |
|  e_11 | 10379.9634909 | 12821.3265525 | 10632.4723342 | 11062.9828078 |
|  e_14 | 11110.0837202 | 10851.5603265 |  11447.531238 | 10556.0733335 |
